39
0 0.000000 -46.409731
1 0.000000 -46.409731
2 0.000000 -46.309731
3 0.000000 -46.209731
4 3.150609 -46.109731
5 4.416178 -46.009731
6 5.434886 -45.909731
7 6.251723 -45.809731
8 7.000632 -45.709731
9 7.663514 -45.609731
10 8.305305 -45.509731
11 8.852873 -45.409731
12 9.424592 -45.309731
13 9.885622 -45.209731
14 10.374991 -45.109731
15 10.837580 -45.009731
16 11.256220 -44.909731
17 11.677768 -44.809731
18 12.114144 -44.709731
19 12.472088 -44.609731
20 12.849263 -44.509731
21 13.257710 -44.409731
22 13.590279 -44.309731
23 13.916447 -44.209731
24 14.237028 -44.109731
25 14.422082 -44.009731
26 14.589555 -43.909731
27 14.689296 -43.809731
28 14.778165 -43.709731
29 14.855150 -43.609731
30 14.888905 -43.509731
31 14.946460 -43.409731
32 14.990211 -43.309731
33 15.006749 -43.209731
34 15.066983 -43.109731
35 15.066983 -41.509731
36 0.000000 -41.509731
37 0.000000 -40.909731
38 0.000000 -40.909731
