39
0 0.000000 -46.409731
1 3.152198 -46.409731
2 4.477565 -46.309731
3 5.520694 -46.209731
4 6.352699 -46.109731
5 7.095441 -46.009731
6 7.774358 -45.909731
7 8.383188 -45.809731
8 8.899178 -45.709731
9 9.494345 -45.609731
10 9.971644 -45.509731
11 10.487816 -45.409731
12 10.939087 -45.309731
13 11.381982 -45.209731
14 11.788236 -45.109731
15 12.198728 -45.009731
16 12.605781 -44.909731
17 12.968432 -44.809731
18 13.330007 -44.709731
19 13.685322 -44.609731
20 14.061887 -44.509731
21 14.363643 -44.409731
22 14.574489 -44.309731
23 14.706015 -44.209731
24 14.828684 -44.109731
25 14.941206 -44.009731
26 15.042400 -43.909731
27 15.088411 -43.809731
28 15.170657 -43.709731
29 15.206676 -43.609731
30 15.268030 -43.509731
31 15.293205 -43.409731
32 15.332217 -43.309731
33 15.345953 -43.209731
34 15.363677 -43.109731
35 15.363677 -41.509731
36 18.163677 -41.509731
37 18.163677 -40.909731
38 0.000000 -40.909731
