62
0 0 -0.7
1 21.443756 -0.7
2 21.443756 8.273165
3 21.443756 9.473165
4 21.443756 9.448167
5 21.443756 9.448167
6 21.443756 10.648167
7 21.443756 10.648167
8 21.443756 12.448167
9 21.439375 12.598167
10 21.425157 12.748167
11 21.369499 13.198167
12 21.277196 13.648167
13 21.148933 14.098167
14 20.985666 14.398167
15 20.808340 14.548167
16 20.788611 14.848167
17 20.664269 14.998167
18 20.559230 15.148167
19 20.528998 15.298167
20 20.452715 15.448167
21 20.299232 15.598167
22 20.093518 15.748167
23 19.974698 15.898167
24 19.854956 16.048167
25 19.603275 16.198167
26 19.485121 16.348167
27 19.159999 16.498167
28 18.994859 16.648167
29 18.787137 16.798167
30 18.348439 16.948167
31 18.055244 17.098167
32 17.675014 17.248167
33 17.332700 17.398167
34 17.000234 17.548167
35 16.663759 17.698167
36 16.294847 17.848167
37 15.931353 17.998167
38 15.522560 18.148167
39 15.143492 18.298167
40 14.745595 18.448167
41 14.327954 18.598167
42 13.895862 18.748167
43 13.478102 18.898167
44 12.970902 19.048167
45 12.511297 19.198167
46 12.007800 19.348167
47 11.469801 19.498167
48 10.918768 19.648167
49 10.334378 19.798167
50 9.735821 19.948167
51 9.079146 20.098167
52 8.422888 20.248167
53 7.567826 20.398167
54 6.685917 20.548167
55 5.652738 20.698167
56 4.400818 20.848167
57 3.483756 20.998167
58 2.318756 21.148167
59 0.000000 21.148167
60 0.000000 21.598167
61 0.000000 21.604000
