42
0 0.000000 -49.926835
1 0.000000 -49.926835
2 0.000000 -49.726835
3 0.000000 -49.526835
4 0.000145 -49.326835
5 3.857452 -49.126835
6 5.738445 -48.926835
7 7.159133 -48.726835
8 8.182267 -48.526835
9 9.137393 -48.326835
10 9.970766 -48.126835
11 10.779937 -47.926835
12 11.515518 -47.726835
13 12.242327 -47.526835
14 12.920615 -47.326835
15 13.521438 -47.126835
16 14.087280 -46.926835
17 14.652954 -46.726835
18 15.228296 -46.526835
19 15.721941 -46.326835
20 16.218535 -46.126835
21 16.704769 -45.926835
22 17.172205 -45.726835
23 17.629770 -45.526835
24 18.079359 -45.326835
25 18.569145 -45.126835
26 19.050958 -44.926835
27 19.412029 -44.726835
28 19.627132 -44.526835
29 19.751435 -44.326835
30 20.066650 -44.126835
31 20.208311 -43.926835
32 20.355331 -43.726835
33 20.615328 -43.526835
34 20.844708 -43.126835
35 21.041764 -42.726835
36 21.205031 -42.326835
37 21.333294 -41.926835
38 21.425597 -41.526835
39 21.443756 -40.526835
40 21.443756 -0.7
41 0 -0.7
