24
128 19.9982 0.0000 0.9500 0 0.000
129 19.3167 5.1759 0.9500 0 15.000
130 17.3189 9.9991 0.9500 0 30.000
131 14.1408 14.1408 0.9500 0 45.000
132 9.9991 17.3189 0.9500 0 60.000
133 5.1759 19.3167 0.9500 0 75.000
134 0.0000 19.9982 0.9500 0 90.000
135 -5.1759 19.3167 0.9500 0 105.000
136 -9.9991 17.3189 0.9500 0 120.000
137 -14.1408 14.1408 0.9500 0 135.000
138 -17.3189 9.9991 0.9500 0 150.000
139 -19.3167 5.1759 0.9500 0 165.000
140 -19.9982 0.0000 0.9500 0 180.000
141 -19.3167 -5.1759 0.9500 0 195.000
142 -17.3189 -9.9991 0.9500 0 210.000
143 -14.1408 -14.1408 0.9500 0 225.000
144 -9.9991 -17.3189 0.9500 0 240.000
145 -5.1759 -19.3167 0.9500 0 255.000
146 -0.0000 -19.9982 0.9500 0 270.000
147 5.1759 -19.3167 0.9500 0 285.000
148 9.9991 -17.3189 0.9500 0 300.000
149 14.1408 -14.1408 0.9500 0 315.000
150 17.3189 -9.9991 0.9500 0 330.000
151 19.3167 -5.1759 0.9500 0 345.000
