166
0 0.000000 -60.165558
1 4.864489 -60.165558
2 6.769319 -59.965558
3 8.222014 -59.765558
4 9.402442 -59.565558
5 9.402442 -59.565558
6 10.533163 -59.365558
7 11.431847 -59.165558
8 12.344982 -58.965558
9 13.192807 -58.765558
10 13.952508 -58.565558
11 14.677508 -58.365558
12 15.353521 -58.165558
13 15.987721 -57.965558
14 16.620795 -57.765558
15 17.239888 -57.565558
16 17.797013 -57.365558
17 18.364490 -57.165558
18 18.926459 -56.965558
19 19.416804 -56.765558
20 19.907800 -56.565558
21 20.426292 -56.365558
22 20.879369 -56.165558
23 21.369806 -55.965558
24 21.813220 -55.765558
25 22.270282 -55.565558
26 22.695761 -55.365558
27 23.120468 -55.165558
28 23.502614 -54.965558
29 23.923125 -54.765558
30 24.303039 -54.565558
31 24.683827 -54.365558
32 25.065301 -54.165558
33 25.447281 -53.965558
34 25.829592 -53.765558
35 26.185693 -53.565558
36 26.501204 -53.365558
37 26.834044 -53.165558
38 27.190576 -52.965558
39 27.548714 -52.765558
40 27.871887 -52.565558
41 28.133355 -52.365558
42 28.385858 -52.165558
43 28.628799 -51.965558
44 28.861602 -51.765558
45 28.974029 -51.565558
46 29.190597 -51.365558
47 29.395700 -51.165558
48 29.493795 -50.965558
49 29.680795 -50.765558
50 29.769583 -50.565558
51 29.937481 -50.365558
52 30.016488 -50.165558
53 30.164392 -49.965558
54 30.233200 -49.765558
55 30.360321 -49.565558
56 30.418560 -49.365558
57 30.473205 -49.165558
58 30.571585 -48.965558
59 30.615258 -48.765558
60 30.655224 -48.565558
61 30.723931 -48.365558
62 30.752630 -48.165558
63 30.777539 -47.965558
64 30.798638 -47.765558
65 30.829370 -47.565558
66 30.838986 -47.365558
67 30.844757 -47.165558
68 30.846679 -46.965558
69 30.846679 44.234442
70 33.000540 44.234442
71 33.000540 45.434442
72 33.000540 45.546606
73 33.000540 46.746606
74 30.500539 46.746606
75 30.500539 48.546606
76 30.498616 48.696606
77 30.492845 48.846606
78 30.483232 48.996606
79 30.469780 49.146606
80 30.452498 49.296606
81 30.431398 49.446606
82 30.406491 49.596606
83 30.377791 49.746606
84 30.345317 49.896606
85 30.309085 50.046606
86 30.269120 50.196606
87 30.225444 50.346606
88 30.178084 50.496606
89 30.127065 50.646606
90 30.072421 50.796606
91 30.014181 50.946606
92 29.952382 51.096606
93 29.887059 51.246606
94 29.818253 51.396606
95 29.746001 51.546606
96 29.670349 51.696606
97 29.591341 51.846606
98 29.509023 51.996606
99 29.334654 52.146606
100 29.242707 52.296606
101 29.147656 52.446606
102 29.049559 52.596606
103 28.948473 52.746606
104 28.737575 52.896606
105 28.627889 53.046606
106 28.515463 53.196606
107 28.282660 53.346606
108 28.162422 53.496606
109 27.914627 53.646606
110 27.787216 53.796606
111 27.525748 53.946606
112 27.380178 54.096606
113 27.122970 54.246606
114 26.882648 54.396606
115 26.633735 54.546606
116 26.358189 54.696606
117 26.109135 54.846606
118 25.851439 54.996606
119 25.579828 55.146606
120 25.303250 55.296606
121 25.040156 55.446606
122 24.762359 55.596606
123 24.474478 55.746606
124 24.190668 55.896606
125 23.900544 56.046606
126 23.605599 56.196606
127 23.305609 56.346606
128 23.001908 56.496606
129 22.678373 56.646606
130 22.374206 56.796606
131 22.037688 56.946606
132 21.721483 57.096606
133 21.390905 57.246606
134 21.055693 57.396606
135 20.699451 57.546606
136 20.348720 57.696606
137 19.994203 57.846606
138 19.619298 57.996606
139 19.249604 58.146606
140 18.864931 58.296606
141 18.467080 58.446606
142 18.066575 58.596606
143 17.653088 58.746606
144 17.195709 58.896606
145 16.779955 59.046606
146 16.336137 59.196606
147 15.856016 59.346606
148 15.391918 59.496606
149 14.888631 59.646606
150 14.341940 59.796606
151 13.837421 59.946606
152 13.250059 60.096606
153 12.680739 60.246606
154 12.067120 60.396606
155 11.418556 60.546606
156 10.692076 60.696606
157 9.973763 60.846606
158 9.145436 60.996606
159 8.266812 61.146606
160 8.266812 61.146606
161 7.277223 61.296606
162 6.109385 61.446606
163 4.612213 61.596606
164 2.434393 61.746606
165 0.000000 61.746606
