166
0 0.000000 -60.165558
1 0.000000 -60.165558
2 0.000000 -59.965558
3 0.000000 -59.765558
4 0.000000 -59.565558
5 2.914799 -59.565558
6 5.283992 -59.365558
7 6.857432 -59.165558
8 8.198011 -58.965558
9 9.321563 -58.765558
10 10.302385 -58.565558
11 11.257736 -58.365558
12 12.070300 -58.165558
13 12.863040 -57.965558
14 13.657408 -57.765558
15 14.312017 -57.565558
16 15.005464 -57.365558
17 15.595808 -57.165558
18 16.203854 -56.965558
19 16.795174 -56.765558
20 17.361708 -56.565558
21 17.939232 -56.365558
22 18.553321 -56.165558
23 18.953412 -55.965558
24 19.624898 -55.765558
25 20.094270 -55.565558
26 20.463642 -55.365558
27 20.833015 -55.165558
28 21.267066 -54.965558
29 21.602389 -54.765558
30 22.071763 -54.565558
31 22.441139 -54.365558
32 22.954725 -54.165558
33 23.266883 -53.965558
34 23.466884 -53.765558
35 23.766883 -53.565558
36 24.066883 -53.365558
37 24.626820 -53.165558
38 24.926820 -52.965558
39 25.426820 -52.765558
40 25.826820 -52.565558
41 26.226078 -52.365558
42 26.581481 -52.165558
43 26.913489 -51.965558
44 27.289591 -51.765558
45 27.528596 -51.565558
46 27.757486 -51.365558
47 27.975663 -51.165558
48 28.080558 -50.965558
49 28.281607 -50.765558
50 28.470575 -50.565558
51 28.560377 -50.365558
52 28.730307 -50.165558
53 28.886991 -49.965558
54 28.960233 -49.765558
55 29.096283 -49.565558
56 29.159000 -49.365558
57 29.218125 -49.165558
58 29.325440 -48.965558
59 29.373563 -48.765558
60 29.458579 -48.565558
61 29.495417 -48.365558
62 29.528440 -48.165558
63 29.592969 -47.965558
64 29.644435 -47.765558
65 29.722019 -47.565558
66 29.845490 -47.365558
67 29.901362 -47.165558
68 29.999460 -46.965558
69 29.999460 44.234442
70 29.999460 44.234442
71 29.999460 45.434442
72 29.999460 45.546606
73 29.999460 46.746606
74 29.999460 46.746606
75 29.999460 48.546606
76 29.997502 48.696606
77 29.991630 48.846606
78 29.981846 48.996606
79 29.968159 49.146606
80 29.950575 49.296606
81 29.929108 49.446606
82 29.903771 49.596606
83 29.874580 49.746606
84 29.841555 49.896606
85 29.804718 50.046606
86 29.764091 50.196606
87 29.719702 50.346606
88 29.671580 50.496606
89 29.564263 50.646606
90 29.505139 50.796606
91 29.442421 50.946606
92 29.376152 51.096606
93 29.306373 51.246606
94 29.233131 51.396606
95 29.156472 51.546606
96 29.076448 51.696606
97 28.993111 51.846606
98 28.816715 51.996606
99 28.723772 52.146606
100 28.627746 52.296606
101 28.426696 52.446606
102 28.321803 52.596606
103 28.214090 52.746606
104 27.990483 52.896606
105 27.874736 53.046606
106 27.635731 53.196606
107 27.512629 53.346606
108 27.259628 53.496606
109 26.920065 53.646606
110 26.676152 53.796606
111 26.419129 53.946606
112 26.165135 54.096606
113 25.906679 54.246606
114 25.639458 54.396606
115 25.368755 54.546606
116 25.098762 54.696606
117 24.829263 54.846606
118 24.557762 54.996606
119 24.262105 55.146606
120 23.979398 55.296606
121 23.684592 55.446606
122 23.398048 55.596606
123 23.092316 55.746606
124 22.796818 55.896606
125 22.473719 56.046606
126 22.160647 56.196606
127 21.836897 56.346606
128 21.515775 56.496606
129 21.178592 56.646606
130 20.840937 56.796606
131 20.491028 56.946606
132 20.139884 57.096606
133 19.777910 57.246606
134 19.414065 57.396606
135 19.037167 57.546606
136 18.643652 57.696606
137 18.249776 57.846606
138 17.852369 57.996606
139 17.431874 58.146606
140 17.008323 58.296606
141 16.577344 58.446606
142 16.108933 58.596606
143 15.638399 58.746606
144 15.179430 58.896606
145 14.677986 59.046606
146 14.133525 59.196606
147 13.609862 59.346606
148 13.033323 59.496606
149 12.435239 59.646606
150 11.811808 59.796606
151 11.141687 59.946606
152 10.448632 60.096606
153 9.684528 60.246606
154 8.844926 60.396606
155 7.926501 60.546606
156 6.904709 60.696606
157 5.677202 60.846606
158 4.065596 60.996606
159 0.906056 61.146606
160 0.000000 61.146606
161 0.000000 61.296606
162 0.000000 61.446606
163 0.000000 61.596606
164 0.000000 61.746606
165 0.000000 61.746606
