110
0 0.000000 -49.926835
1 2.436043 -49.926835
2 4.731428 -49.726835
3 6.119580 -49.526835
4 7.580109 -49.326835
5 8.509842 -49.126835
6 8.509842 -49.126835
7 9.582993 -48.926835
8 10.407680 -48.726835
9 11.054572 -48.526835
10 11.850541 -48.326835
11 12.461288 -48.126835
12 13.202932 -47.926835
13 13.794258 -47.726835
14 14.439646 -47.526835
15 14.988655 -47.326835
16 15.507342 -47.126835
17 16.008836 -46.926835
18 16.511043 -46.726835
19 17.012655 -46.526835
20 17.481827 -46.326835
21 17.865629 -46.126835
22 18.337492 -45.926835
23 18.785064 -45.726835
24 18.888304 -45.526835
25 19.277154 -45.326835
26 19.648190 -45.126835
27 19.999030 -44.926835
28 20.142321 -44.726835
29 20.327424 -44.526835
30 20.631264 -44.326835
31 20.766942 -44.126835
32 20.908603 -43.926835
33 21.055622 -43.726835
34 21.157660 -43.526835
35 21.376838 -43.126835
36 21.564730 -42.726835
37 21.720132 -42.326835
38 21.842046 -41.926835
39 21.929691 -41.526835
40 21.982504 -41.126835
41 22.056244 -40.526835
42 22.056244 8.273165
43 24.556244 8.273165
44 24.556244 9.473165
45 24.556244 9.448167
46 24.556244 10.648167
47 22.056244 10.648167
48 22.056244 11.098167
49 22.056244 11.248167
50 22.056244 11.398167
51 22.056244 11.548167
52 22.056244 11.698167
53 22.056244 11.848167
54 22.056244 11.998167
55 22.056244 12.448167
56 22.042389 12.598167
57 22.038602 12.748167
58 21.985790 13.198167
59 21.898145 13.648167
60 21.776230 14.098167
61 21.698154 14.398167
62 21.620828 14.548167
63 21.432936 14.848167
64 21.376644 14.998167
65 21.271718 15.148167
66 21.213757 15.298167
67 21.074541 15.448167
68 20.964700 15.598167
69 20.770076 15.748167
70 20.715713 15.898167
71 20.687363 16.048167
72 20.462921 16.198167
73 20.383522 16.348167
74 20.215888 16.498167
75 20.055129 16.648167
76 19.813717 16.798167
77 19.704288 16.948167
78 19.487204 17.098167
79 19.190227 17.248167
80 18.944402 17.398167
81 18.607929 17.548167
82 18.306001 17.698167
83 17.922734 17.848167
84 17.588667 17.998167
85 17.297193 18.148167
86 16.907971 18.298167
87 16.576629 18.448167
88 16.202713 18.598167
89 15.783998 18.748167
90 15.409955 18.898167
91 15.021751 19.048167
92 14.574203 19.198167
93 14.167221 19.348167
94 13.736016 19.498167
95 13.254319 19.648167
96 12.822888 19.798167
97 12.279910 19.948167
98 11.791260 20.098167
99 11.105069 20.248167
100 10.586026 20.398167
101 9.986026 20.548167
102 9.357535 20.698167
103 8.526459 20.848167
104 7.931434 20.998167
105 7.023782 21.148167
106 6.025914 21.298167
107 4.757627 21.448167
108 2.966411 21.598167
109 0.000000 21.598167
