30
0 0.0000 0.0000 18.2625 0 0.000
1 0.0000 0.0000 17.2625 0 0.000
2 0.0000 0.0000 16.2625 0 0.000
3 0.0000 0.0000 15.2625 0 0.000
4 0.0000 0.0000 14.2625 0 0.000
5 0.0000 0.0000 13.2625 0 0.000
6 0.0000 0.0000 12.2625 0 0.000
7 0.0000 0.0000 11.2625 0 0.000
8 0.0000 0.0000 10.2625 0 0.000
9 0.0000 0.0000 9.2625 0 0.000
10 0.0000 0.0000 8.2625 0 0.000
11 0.0000 0.0000 7.2625 0 0.000
12 0.0000 0.0000 6.2625 0 0.000
13 0.0000 0.0000 5.2625 0 0.000
14 0.0000 0.0000 4.2625 0 0.000
15 0.0000 0.0000 3.2625 0 0.000
16 0.0000 0.0000 2.2625 0 0.000
17 0.0000 0.0000 1.2625 0 0.000
18 0.0000 0.0000 0.2625 0 0.000
19 0.0000 0.0000 -0.7375 0 0.000
20 0.0000 0.0000 -1.7375 0 0.000
21 0.0000 0.0000 -2.7375 0 0.000
22 0.0000 0.0000 -3.7375 0 0.000
23 0.0000 0.0000 -4.7375 0 0.000
24 0.0000 0.0000 -5.7375 0 0.000
25 0.0000 0.0000 -6.7375 0 0.000
26 0.0000 0.0000 -7.7375 0 0.000
27 0.0000 0.0000 -8.7375 0 0.000
28 0.0000 0.0000 -9.7375 0 0.000
29 0.0000 0.0000 -10.7375 0 0.000
