24
152 19.9982 0.0000 -36.5750 180 0.000
153 19.3167 5.1759 -36.5750 180 15.000
154 17.3189 9.9991 -36.5750 180 30.000
155 14.1408 14.1408 -36.5750 180 45.000
156 9.9991 17.3189 -36.5750 180 60.000
157 5.1759 19.3167 -36.5750 180 75.000
158 0.0000 19.9982 -36.5750 180 90.000
159 -5.1759 19.3167 -36.5750 180 105.000
160 -9.9991 17.3189 -36.5750 180 120.000
161 -14.1408 14.1408 -36.5750 180 135.000
162 -17.3189 9.9991 -36.5750 180 150.000
163 -19.3167 5.1759 -36.5750 180 165.000
164 -19.9982 0.0000 -36.5750 180 180.000
165 -19.3167 -5.1759 -36.5750 180 195.000
166 -17.3189 -9.9991 -36.5750 180 210.000
167 -14.1408 -14.1408 -36.5750 180 225.000
168 -9.9991 -17.3189 -36.5750 180 240.000
169 -5.1759 -19.3167 -36.5750 180 255.000
170 -0.0000 -19.9982 -36.5750 180 270.000
171 5.1759 -19.3167 -36.5750 180 285.000
172 9.9991 -17.3189 -36.5750 180 300.000
173 14.1408 -14.1408 -36.5750 180 315.000
174 17.3189 -9.9991 -36.5750 180 330.000
175 19.3167 -5.1759 -36.5750 180 345.000
