24
0 19.9982 0.0000 0.0000 180 0.000
1 19.3167 5.1759 0.0000 180 15.000
2 17.3189 9.9991 0.0000 180 30.000
3 14.1408 14.1408 0.0000 180 45.000
4 9.9991 17.3189 0.0000 180 60.000
5 5.1759 19.3167 0.0000 180 75.000
6 0.0000 19.9982 0.0000 180 90.000
7 -5.1759 19.3167 0.0000 180 105.000
8 -9.9991 17.3189 0.0000 180 120.000
9 -14.1408 14.1408 0.0000 180 135.000
10 -17.3189 9.9991 0.0000 180 150.000
11 -19.3167 5.1759 0.0000 180 165.000
12 -19.9982 0.0000 0.0000 180 180.000
13 -19.3167 -5.1759 0.0000 180 195.000
14 -17.3189 -9.9991 0.0000 180 210.000
15 -14.1408 -14.1408 0.0000 180 225.000
16 -9.9991 -17.3189 0.0000 180 240.000
17 -5.1759 -19.3167 0.0000 180 255.000
18 -0.0000 -19.9982 0.0000 180 270.000
19 5.1759 -19.3167 0.0000 180 285.000
20 9.9991 -17.3189 0.0000 180 300.000
21 14.1408 -14.1408 0.0000 180 315.000
22 17.3189 -9.9991 0.0000 180 330.000
23 19.3167 -5.1759 0.0000 180 345.000
