24
0 19.9982 0.0000 0.0000 0 0.000
1 19.3167 5.1759 0.0000 0 15.000
2 17.3189 9.9991 0.0000 0 30.000
3 14.1408 14.1408 0.0000 0 45.000
4 9.9991 17.3189 0.0000 0 60.000
5 5.1759 19.3167 0.0000 0 75.000
6 0.0000 19.9982 0.0000 0 90.000
7 -5.1759 19.3167 0.0000 0 105.000
8 -9.9991 17.3189 0.0000 0 120.000
9 -14.1408 14.1408 0.0000 0 135.000
10 -17.3189 9.9991 0.0000 0 150.000
11 -19.3167 5.1759 0.0000 0 165.000
12 -19.9982 0.0000 0.0000 0 180.000
13 -19.3167 -5.1759 0.0000 0 195.000
14 -17.3189 -9.9991 0.0000 0 210.000
15 -14.1408 -14.1408 0.0000 0 225.000
16 -9.9991 -17.3189 0.0000 0 240.000
17 -5.1759 -19.3167 0.0000 0 255.000
18 -0.0000 -19.9982 0.0000 0 270.000
19 5.1759 -19.3167 0.0000 0 285.000
20 9.9991 -17.3189 0.0000 0 300.000
21 14.1408 -14.1408 0.0000 0 315.000
22 17.3189 -9.9991 0.0000 0 330.000
23 19.3167 -5.1759 0.0000 0 345.000
