19
19  0.0000 0.0000 0.00000 0 0.000
20  2.80000  0.0000 0.00000 0 0.000
21  5.60000 0.0000 0.00000 0 0.000
22  -2.80000 0.0000 0.00000 0 0.000
23  -5.60000 0.0000 0.00000 0 0.000
24  -4.20000 2.8000 0.00000 0 0.000
25  -1.40000 2.8000 0.00000 0 0.000
26  1.40000 2.8000 0.00000 0 0.000
27  4.20000 2.8000 0.00000 0 0.000
28  -2.80000 5.6000 0.00000 0 0.000
29  0.00000 5.6000 0.00000 0 0.000
30  2.80000 5.6000 0.00000 0 0.000
31  -4.20000 -2.8000 0.00000 0 0.000
32  -1.40000 -2.8000 0.00000 0 0.000
33  1.40000 -2.8000 0.00000 0 0.000
34  4.20000 -2.8000 0.00000 0 0.000
35  -2.80000 -5.6000 0.00000 0 0.000
36  0.00000 -5.6000 0.00000 0 0.000
37  2.80000 -5.6000 0.00000 0 0.000