1.01000e-09 4.47548e+09
1.25000e-09 4.09558e+09
1.55000e-09 5.22780e+09
1.95000e-09 6.31180e+09
2.45000e-09 8.34184e+09
3.05000e-09 1.04982e+10
3.78000e-09 1.24221e+10
4.70000e-09 1.57090e+10
5.83000e-09 1.78214e+10
7.34000e-09 2.17007e+10
9.13000e-09 2.44199e+10
1.15000e-08 3.13534e+10
1.43000e-08 3.20397e+10
1.81000e-08 3.44349e+10
2.25000e-08 3.70920e+10
2.81000e-08 3.79893e+10
3.51000e-08 3.56683e+10
4.39000e-08 2.57810e+10
5.59000e-08 2.03067e+10
7.04000e-08 1.26505e+10
9.02000e-08 7.49162e+09
1.14000e-07 3.44529e+09
1.44000e-07 1.49003e+09
1.88000e-07 5.30435e+08
2.38000e-07 3.19931e+08
2.99000e-07 2.31827e+08
3.75000e-07 1.72959e+08
4.70000e-07 1.31097e+08
6.06000e-07 1.06309e+08
7.60000e-07 8.89805e+07
9.53000e-07 6.12390e+07
1.19526e-06 5.46849e+07
1.49906e-06 4.05499e+07
1.90546e-06 3.17342e+07
2.39001e-06 2.39360e+07
2.99778e-06 2.00589e+07
3.76010e-06 1.58045e+07
4.71678e-06 1.11185e+07
5.99551e-06 9.56781e+06
7.52014e-06 7.55454e+06
9.55887e-06 5.52890e+06
1.18311e-05 4.45843e+06
1.50402e-05 3.60690e+06
1.88648e-05 2.84552e+06
2.36646e-05 2.00023e+06
3.00801e-05 1.72201e+06
3.77333e-05 1.35392e+06
4.73287e-05 9.91199e+05
6.01659e-05 7.93241e+05
7.64850e-05 6.19020e+05
9.46665e-05 4.84710e+05
1.20331e-04 3.79687e+05
1.50962e-04 3.05499e+05
1.89371e-04 2.40023e+05
2.40735e-04 1.68811e+05
3.06031e-04 1.44598e+05
3.78818e-04 1.09393e+05
4.81567e-04 8.21776e+04
6.04092e-04 6.84722e+04
7.57789e-04 5.17315e+04
9.63430e-04 3.87348e+04
1.20855e-03 3.22407e+04
1.51620e-03 2.52100e+04
1.90197e-03 1.98093e+04
2.41835e-03 1.37806e+04
3.03365e-03 1.18024e+04
3.80629e-03 8.84659e+03
4.77522e-03 6.86951e+03
6.07170e-03 5.30217e+03
7.61731e-03 4.10325e+03
9.68440e-03 3.18885e+03
1.21522e-02 2.44911e+03
1.54516e-02 1.96607e+03
1.91306e-02 1.47276e+03
2.43246e-02 1.09345e+03
3.05230e-02 9.01273e+02
3.83050e-02 6.66960e+02
4.80609e-02 4.97064e+02
6.11224e-02 4.07186e+02
7.67058e-02 3.26125e+02
9.62723e-02 2.17056e+02
1.22449e-01 1.74967e+02
1.53716e-01 1.36620e+02
1.93068e-01 9.77385e+01
2.42724e-01 6.91696e+01
3.10083e-01 4.17696e+01
3.92910e-01 2.13491e+01
5.56472e-01 3.68552e+00
