17
0 0.0000 0.0000 -2.38 0 0.000
1 0.0000 0.0000 -1.58 0 0.000
2 0.0000 0.0000 -0.78 0 0.000
3 0.0000 0.0000 0.02 0 0.000
4 0.0000 0.0000 0.82 0 0.000
5 0.0000 0.0000 1.62 0 0.000
6 0.0000 0.0000 2.42 0 0.000
7 0.0000 0.0000 3.22 0 0.000
8 0.0000 0.0000 4.02 0 0.000
9 0.0000 0.0000 4.82 0 0.000
10 0.0000 0.0000 5.62 0 0.000
11 0.0000 0.0000 6.42 0 0.000
12 0.0000 0.0000 7.22 0 0.000
13 0.0000 0.0000 8.02 0 0.000
14 0.0000 0.0000 8.82 0 0.000
15 0.0000 0.0000 9.62 0 0.000
16 0.0000 0.0000 10.42 0 0.000