19
0  0.0000 0.0000 0.0000 0 0.000
1  2.80000  0.0000 0.0000 0 0.000
2  5.60000 0.0000 0.0000 0 0.000
3  -2.80000 0.0000 0.0000 0 0.000
4  -5.60000 0.0000 0.0000 0 0.000
5  -4.20000 2.8000 0.0000 0 0.000
6  -1.40000 2.8000 0.0000 0 0.000
7  1.40000 2.8000 0.0000 0 0.000
8  4.20000 2.8000 0.0000 0 0.000
9  -2.80000 5.6000 0.0000 0 0.000
10  0.00000 5.6000 0.0000 0 0.000
11  2.80000 5.6000 0.0000 0 0.000
12  -4.20000 -2.8000 0.0000 0 0.000
13  -1.40000 -2.8000 0.0000 0 0.000
14  1.40000 -2.8000 0.0000 0 0.000
15  4.20000 -2.8000 0.0000 0 0.000
16  -2.80000 -5.6000 0.0000 0 0.000
17  0.00000 -5.6000 0.0000 0 0.000
18  2.80000 -5.6000 0.0000 0 0.000